{
	"name": "Arctic",
	"creator": "N30N",
	"version": "1.0",
	"date": "2016/03/31",
	"description": "A frozen re-imagining of the classic Pacific 1v1 map.",
	"planets": [
		{
			"name": "Triton",
			"mass": 10000,
			"position_x": 25200.001953125,
			"position_y": 0.00244140625,
			"velocity_x": -0.000019803735995083116,
			"velocity_y": 140.85903930664062,
			"required_thrust_to_move": 0,
			"starting_planet": true,
			"respawn": false,
			"start_destroyed": false,
			"min_spawn_delay": 0,
			"max_spawn_delay": 0,
			"planet": {
				"seed": 1323068032,
				"radius": 530,
				"heightRange": 42,
				"waterHeight": 56,
				"waterDepth": 100,
				"temperature": 0,
				"metalDensity": 50,
				"metalClusters": 50,
				"metalSpotLimit": -1,
				"biomeScale": 50,
				"biome": "earth",
				"symmetryType": "terrain and CSG",
				"symmetricalMetal": true,
				"symmetricalStarts": true,
				"numArmies": 2,
				"landingZonesPerArmy": 0,
				"landingZoneSize": 0
			},
			"source": {
				"brushes": [
					{
						"op": "BO_Add",
						"no_features": false,
						"weight": [
							1,
							1,
							1,
							1
						],
						"position": [
							-404.93170166015625,
							-353.4350891113281,
							4.38417387008667
						],
						"twinId": 0,
						"spec": "/pa/terrain/ice/brushes/ice_cliff_04.json",
						"weightScale": [
							1,
							1,
							1
						],
						"weightHard": false,
						"flooded": false,
						"scale": [
							1,
							1,
							1.5199995040893555
						],
						"proj": "BP_Bend",
						"rotation": 4.281345844268799,
						"mergeable": false,
						"transform": [
							0.2638218402862549,
							0.6023644208908081,
							-1.1451107263565063,
							-404.93170166015625,
							-0.31357651948928833,
							-0.6850485801696777,
							-0.9994829893112183,
							-353.43511962890625,
							-0.912177562713623,
							0.40971410274505615,
							0.01239811535924673,
							4.384195804595947
						],
						"mirrored": false,
						"pathable": false,
						"height": 537.4990844726562
					},
					{
						"op": "BO_Add",
						"no_features": false,
						"weight": [
							1,
							1,
							1,
							1
						],
						"position": [
							511.6067810058594,
							-163.70684814453125,
							40.525272369384766
						],
						"twinId": 5,
						"spec": "/pa/terrain/ice/brushes/ice_cliff_01.json",
						"weightScale": [
							1,
							1,
							1
						],
						"weightHard": false,
						"flooded": false,
						"scale": [
							1,
							1,
							1
						],
						"proj": "BP_Bend",
						"rotation": 3.8848986625671387,
						"mergeable": false,
						"transform": [
							-0.30027711391448975,
							-0.08859039843082428,
							0.9497290849685669,
							511.6067810058594,
							-0.8162260055541992,
							-0.4913451075553894,
							-0.30389973521232605,
							-163.7068634033203,
							0.4935673773288727,
							-0.8664477467536926,
							0.07522988319396973,
							40.52536392211914
						],
						"mirrored": false,
						"pathable": false,
						"height": 538.6870727539062
					},
					{
						"op": "BO_Add",
						"no_features": false,
						"weight": [
							1,
							1,
							1,
							1
						],
						"position": [
							496.7414245605469,
							-212.73843383789062,
							13.103745460510254
						],
						"twinId": 8,
						"spec": "/pa/terrain/ice/brushes/ice_cliff_02.json",
						"weightScale": [
							1,
							1,
							1
						],
						"weightHard": false,
						"flooded": false,
						"scale": [
							1,
							1,
							1
						],
						"proj": "BP_Bend",
						"rotation": 5.443817138671875,
						"mergeable": false,
						"transform": [
							-0.14559531211853027,
							0.3664497137069702,
							0.9189757704734802,
							496.7413330078125,
							-0.3958130478858948,
							0.8297206163406372,
							-0.39356788992881775,
							-212.7384033203125,
							-0.906715989112854,
							-0.4210442900657654,
							0.024242162704467773,
							13.10381031036377
						],
						"mirrored": false,
						"pathable": false,
						"height": 540.5380249023438
					},
					{
						"op": "BO_Add",
						"no_features": false,
						"weight": [
							1,
							1,
							1,
							1
						],
						"position": [
							-218.99942016601562,
							-221.82876586914062,
							439.47552490234375
						],
						"twinId": 9,
						"spec": "/pa/terrain/ice/brushes/ice_cliff_01.json",
						"weightScale": [
							1,
							1,
							1
						],
						"weightHard": false,
						"flooded": false,
						"scale": [
							1,
							1,
							1
						],
						"proj": "BP_Bend",
						"rotation": 3.3312056064605713,
						"mergeable": false,
						"transform": [
							-0.8753464818000793,
							0.2618429660797119,
							-0.4064562916755676,
							-218.9994354248047,
							-0.08036916702985764,
							-0.90776526927948,
							-0.41170749068260193,
							-221.82879638671875,
							-0.4767695963382721,
							-0.32772016525268555,
							0.8156532645225525,
							439.4755554199219
						],
						"mirrored": false,
						"pathable": false,
						"height": 538.8019409179688
					},
					{
						"op": "BO_Add",
						"no_features": false,
						"weight": [
							1,
							1,
							1,
							1
						],
						"position": [
							478.9317321777344,
							-233.69696044921875,
							88.93317413330078
						],
						"twinId": 13,
						"spec": "/pa/terrain/ice/brushes/ice_cliff_01.json",
						"weightScale": [
							1,
							1,
							1
						],
						"weightHard": false,
						"flooded": false,
						"scale": [
							1,
							1,
							1
						],
						"proj": "BP_Bend",
						"rotation": 0.2926517724990845,
						"mergeable": false,
						"transform": [
							0.4064159691333771,
							0.22140754759311676,
							0.886456310749054,
							478.9317626953125,
							0.5573875904083252,
							0.7086741924285889,
							-0.43255046010017395,
							-233.6969757080078,
							-0.7239786982536316,
							0.6698951721191406,
							0.16460669040679932,
							88.93317413330078
						],
						"mirrored": false,
						"pathable": false,
						"height": 540.2767944335938
					},
					{
						"op": "BO_Add",
						"no_features": false,
						"weight": [
							1,
							1,
							1,
							1
						],
						"position": [
							-250.49520874023438,
							-113.78805541992188,
							461.29144287109375
						],
						"twinId": 15,
						"spec": "/pa/terrain/ice/brushes/ice_cliff_01.json",
						"weightScale": [
							1,
							1,
							1
						],
						"weightHard": false,
						"flooded": false,
						"scale": [
							1,
							1,
							1
						],
						"proj": "BP_Bend",
						"rotation": 0.9668490886688232,
						"mergeable": false,
						"transform": [
							0.45769450068473816,
							-0.7569728493690491,
							-0.4663773775100708,
							-250.49517822265625,
							0.7730411291122437,
							0.5979344844818115,
							-0.2118530422449112,
							-113.78803253173828,
							0.43923014402389526,
							-0.26356494426727295,
							0.8588424921035767,
							461.2914733886719
						],
						"mirrored": false,
						"pathable": false,
						"height": 537.1083374023438
					},
					{
						"op": "BO_Add",
						"no_features": false,
						"weight": [
							1,
							1,
							1,
							1
						],
						"position": [
							511.6067810058594,
							-163.70684814453125,
							40.525272369384766
						],
						"twinId": 5,
						"spec": "/pa/terrain/ice/brushes/ice_cliff_01.json",
						"weightScale": [
							1,
							1,
							1
						],
						"weightHard": false,
						"flooded": false,
						"scale": [
							1,
							1,
							1
						],
						"proj": "BP_Bend",
						"rotation": 3.8848986625671387,
						"mergeable": false,
						"transform": [
							-0.30027711391448975,
							-0.08859039843082428,
							0.9497290849685669,
							511.6067810058594,
							-0.8162260055541992,
							-0.4913451075553894,
							-0.30389973521232605,
							-163.7068634033203,
							-0.4935673773288727,
							0.8664477467536926,
							-0.07522988319396973,
							-40.52536392211914
						],
						"mirrored": true,
						"pathable": false,
						"height": 538.6870727539062
					},
					{
						"op": "BO_Add",
						"no_features": false,
						"weight": [
							1,
							1,
							1,
							1
						],
						"position": [
							496.7414245605469,
							-212.73843383789062,
							13.103745460510254
						],
						"twinId": 8,
						"spec": "/pa/terrain/ice/brushes/ice_cliff_02.json",
						"weightScale": [
							1,
							1,
							1
						],
						"weightHard": false,
						"flooded": false,
						"scale": [
							1,
							1,
							1
						],
						"proj": "BP_Bend",
						"rotation": 5.443817138671875,
						"mergeable": false,
						"transform": [
							-0.14559531211853027,
							0.3664497137069702,
							0.9189757704734802,
							496.7413635253906,
							-0.3958130478858948,
							0.8297206163406372,
							-0.39356788992881775,
							-212.7384033203125,
							0.906715989112854,
							0.4210442900657654,
							-0.024242162704467773,
							-13.10381031036377
						],
						"mirrored": true,
						"pathable": false,
						"height": 540.5380249023438
					},
					{
						"op": "BO_Add",
						"no_features": false,
						"weight": [
							1,
							1,
							1,
							1
						],
						"position": [
							-218.99942016601562,
							-221.82876586914062,
							439.47552490234375
						],
						"twinId": 9,
						"spec": "/pa/terrain/ice/brushes/ice_cliff_01.json",
						"weightScale": [
							1,
							1,
							1
						],
						"weightHard": false,
						"flooded": false,
						"scale": [
							1,
							1,
							1
						],
						"proj": "BP_Bend",
						"rotation": 3.3312056064605713,
						"mergeable": false,
						"transform": [
							-0.8753464818000793,
							0.2618429660797119,
							-0.4064562916755676,
							-218.9994354248047,
							-0.08036916702985764,
							-0.90776526927948,
							-0.41170749068260193,
							-221.82879638671875,
							0.4767695963382721,
							0.32772016525268555,
							-0.8156532645225525,
							-439.4755554199219
						],
						"mirrored": true,
						"pathable": false,
						"height": 538.8019409179688
					},
					{
						"op": "BO_Add",
						"no_features": false,
						"weight": [
							1,
							1,
							1,
							1
						],
						"position": [
							478.9317321777344,
							-233.69696044921875,
							88.93317413330078
						],
						"twinId": 13,
						"spec": "/pa/terrain/ice/brushes/ice_cliff_01.json",
						"weightScale": [
							1,
							1,
							1
						],
						"weightHard": false,
						"flooded": false,
						"scale": [
							1,
							1,
							1
						],
						"proj": "BP_Bend",
						"rotation": 0.2926517724990845,
						"mergeable": false,
						"transform": [
							0.4064159691333771,
							0.22140754759311676,
							0.886456310749054,
							478.9317626953125,
							0.5573875904083252,
							0.7086741924285889,
							-0.43255046010017395,
							-233.6969757080078,
							0.7239786982536316,
							-0.6698951721191406,
							-0.16460669040679932,
							-88.93317413330078
						],
						"mirrored": true,
						"pathable": false,
						"height": 540.2767944335938
					},
					{
						"op": "BO_Add",
						"no_features": false,
						"weight": [
							1,
							1,
							1,
							1
						],
						"position": [
							-250.49520874023438,
							-113.78805541992188,
							461.29144287109375
						],
						"twinId": 15,
						"spec": "/pa/terrain/ice/brushes/ice_cliff_01.json",
						"weightScale": [
							1,
							1,
							1
						],
						"weightHard": false,
						"flooded": false,
						"scale": [
							1,
							1,
							1
						],
						"proj": "BP_Bend",
						"rotation": 0.9668490886688232,
						"mergeable": false,
						"transform": [
							0.45769450068473816,
							-0.7569728493690491,
							-0.4663773775100708,
							-250.49517822265625,
							0.7730411291122437,
							0.5979344844818115,
							-0.2118530422449112,
							-113.78802490234375,
							-0.43923014402389526,
							0.26356494426727295,
							-0.8588424921035767,
							-461.2914733886719
						],
						"mirrored": true,
						"pathable": false,
						"height": 537.1083374023438
					},
					{
						"op": "BO_Add",
						"no_features": false,
						"weight": [
							1,
							1,
							1,
							1
						],
						"position": [
							-97.23416900634766,
							-258.8727722167969,
							459.1304626464844
						],
						"twinId": 28,
						"spec": "/pa/terrain/ice/brushes/ice_cliff_01.json",
						"weightScale": [
							1,
							1,
							1
						],
						"weightHard": false,
						"flooded": false,
						"scale": [
							1.3799996376037598,
							1.3799996376037598,
							1.3799996376037598
						],
						"proj": "BP_Bend",
						"rotation": -2.2899982929229736,
						"mergeable": false,
						"transform": [
							-0.8440088629722595,
							1.0627189874649048,
							-0.25035279989242554,
							-99.229736328125,
							-0.8648613691329956,
							-0.8438904285430908,
							-0.6665303707122803,
							-264.1856994628906,
							-0.6663804650306702,
							-0.2507515549659729,
							1.1821420192718506,
							468.5533142089844
						],
						"mirrored": false,
						"pathable": false,
						"height": 546.97607421875
					},
					{
						"op": "BO_Add",
						"no_features": false,
						"weight": [
							1,
							1,
							1,
							1
						],
						"position": [
							-97.23416900634766,
							-258.8727722167969,
							459.1304626464844
						],
						"twinId": 28,
						"spec": "/pa/terrain/ice/brushes/ice_cliff_01.json",
						"weightScale": [
							1,
							1,
							1
						],
						"weightHard": false,
						"flooded": false,
						"scale": [
							1.3799996376037598,
							1.3799996376037598,
							1.3799996376037598
						],
						"proj": "BP_Bend",
						"rotation": -2.2899982929229736,
						"mergeable": false,
						"transform": [
							-0.8440088629722595,
							1.0627189874649048,
							-0.25035279989242554,
							-99.229736328125,
							-0.8648613691329956,
							-0.8438904285430908,
							-0.6665303707122803,
							-264.1856689453125,
							0.6663804650306702,
							0.2507515549659729,
							-1.1821420192718506,
							-468.55328369140625
						],
						"mirrored": true,
						"pathable": false,
						"height": 546.97607421875
					},
					{
						"op": "BO_Add",
						"no_features": false,
						"weight": [
							1,
							1,
							1,
							1
						],
						"position": [
							10.879386901855469,
							535.853759765625,
							1.5817413330078125
						],
						"twinId": 0,
						"spec": "/pa/terrain/ice/brushes/ice_t1_large_8_ramp.json",
						"weightScale": [
							1,
							1,
							1
						],
						"weightHard": false,
						"flooded": false,
						"scale": [
							1,
							1,
							1.8399991989135742
						],
						"proj": "BP_Bend",
						"rotation": 0,
						"mergeable": false,
						"transform": [
							0.999589204788208,
							-0.020234644412994385,
							0.03734946623444557,
							10.656103134155273,
							-0.020234644412994385,
							0.0033620595932006836,
							1.8396120071411133,
							524.8560791015625,
							-0.020298631861805916,
							-0.9997895956039429,
							0.005430324003100395,
							1.549315094947815
						],
						"mirrored": false,
						"pathable": true,
						"height": 524.966552734375
					},
					{
						"op": "BO_Add",
						"no_features": false,
						"weight": [
							1,
							1,
							1,
							1
						],
						"position": [
							7.4536895751953125,
							535.85400390625,
							-2.7856903076171875
						],
						"twinId": 0,
						"spec": "/pa/terrain/ice/brushes/ice_t1_medium_4_ramp.json",
						"weightScale": [
							1,
							1,
							1
						],
						"weightHard": false,
						"flooded": false,
						"scale": [
							0.9500000476837158,
							0.9500000476837158,
							1.1699998378753662
						],
						"proj": "BP_Bend",
						"rotation": -0.1900000125169754,
						"mergeable": false,
						"transform": [
							0.9352308511734009,
							0.16633953154087067,
							0.01627281680703163,
							7.551048278808594,
							-0.012143854983150959,
							-0.007175890728831291,
							1.1698708534240723,
							542.853271484375,
							0.16642099618911743,
							-0.9352966547012329,
							-0.006081521976739168,
							-2.8219985961914062
						],
						"mirrored": false,
						"pathable": true,
						"height": 542.9130859375
					},
					{
						"op": "BO_Add",
						"no_features": false,
						"weight": [
							1,
							1,
							1,
							1
						],
						"position": [
							426.63372802734375,
							-327.7313232421875,
							5.83049201965332
						],
						"twinId": 0,
						"spec": "/pa/terrain/ice/brushes/ice_t2_medium_long.json",
						"weightScale": [
							1,
							1,
							1
						],
						"weightHard": false,
						"flooded": false,
						"scale": [
							1,
							1,
							1.0799999237060547
						],
						"proj": "BP_Bend",
						"rotation": 0.9999993443489075,
						"mergeable": false,
						"transform": [
							0.6063037514686584,
							-0.05981975793838501,
							0.8564183115959167,
							425.8406982421875,
							0.7907701134681702,
							-0.06014546751976013,
							-0.6578831076622009,
							-327.1221618652344,
							0.08413335680961609,
							0.9963954091072083,
							0.011704236268997192,
							5.81974983215332
						],
						"mirrored": false,
						"pathable": true,
						"height": 537.01318359375
					},
					{
						"op": "BO_Add",
						"no_features": false,
						"weight": [
							1,
							1,
							1,
							1
						],
						"position": [
							462.9854736328125,
							-217.47686767578125,
							-172.87109375
						],
						"twinId": 31,
						"spec": "/pa/terrain/ice/brushes/ice_t3_small_2x_1_ramp.json",
						"weightScale": [
							1,
							1,
							1
						],
						"weightHard": false,
						"flooded": false,
						"scale": [
							1,
							1,
							1
						],
						"proj": "BP_Bend",
						"rotation": -0.829999566078186,
						"mergeable": false,
						"transform": [
							-0.4299127459526062,
							0.28268834948539734,
							0.8574743270874023,
							462.98541259765625,
							-0.21898168325424194,
							0.8887159824371338,
							-0.4027790129184723,
							-217.4768524169922,
							-0.875912070274353,
							-0.36093100905418396,
							-0.32016682624816895,
							-172.87115478515625
						],
						"mirrored": false,
						"pathable": true,
						"height": 539.9408569335938
					},
					{
						"op": "BO_Add",
						"no_features": false,
						"weight": [
							1,
							1,
							1,
							1
						],
						"position": [
							462.9854736328125,
							-217.47686767578125,
							-172.87109375
						],
						"twinId": 31,
						"spec": "/pa/terrain/ice/brushes/ice_t3_small_2x_1_ramp.json",
						"weightScale": [
							1,
							1,
							1
						],
						"weightHard": false,
						"flooded": false,
						"scale": [
							1,
							1,
							1
						],
						"proj": "BP_Bend",
						"rotation": -0.829999566078186,
						"mergeable": false,
						"transform": [
							-0.4299127459526062,
							0.28268834948539734,
							0.8574743270874023,
							462.98541259765625,
							-0.21898168325424194,
							0.8887159824371338,
							-0.4027790129184723,
							-217.47686767578125,
							0.875912070274353,
							0.36093100905418396,
							0.32016682624816895,
							172.87115478515625
						],
						"mirrored": true,
						"pathable": true,
						"height": 539.9408569335938
					},
					{
						"op": "BO_Add",
						"no_features": false,
						"weight": [
							1,
							1,
							1,
							1
						],
						"position": [
							508.5537109375,
							-181.583740234375,
							-6.4068603515625
						],
						"twinId": 0,
						"spec": "/pa/terrain/ice/brushes/ice_t3_small_2_ramp.json",
						"weightScale": [
							1,
							1,
							1
						],
						"weightHard": false,
						"flooded": false,
						"scale": [
							1.3199996948242188,
							1.3199996948242188,
							1.3199996948242188
						],
						"proj": "BP_Bend",
						"rotation": 4.549996376037598,
						"mergeable": false,
						"transform": [
							-0.4393043518066406,
							0.0652010515332222,
							1.243044376373291,
							508.5537109375,
							-1.221977710723877,
							0.2284189909696579,
							-0.44384029507637024,
							-181.583740234375,
							-0.2370256781578064,
							-1.2984501123428345,
							-0.015660090371966362,
							-6.406848430633545
						],
						"mirrored": false,
						"pathable": true,
						"height": 540.03759765625
					},
					{
						"op": "BO_Add",
						"no_features": false,
						"weight": [
							1,
							1,
							1,
							1
						],
						"position": [
							400.2657470703125,
							291.1214599609375,
							205.80517578125
						],
						"twinId": 33,
						"spec": "/pa/terrain/ice/brushes/ice_cliff_08.json",
						"weightScale": [
							1,
							1,
							1
						],
						"weightHard": false,
						"flooded": false,
						"scale": [
							1.4699995517730713,
							1.4699995517730713,
							1.4699995517730713
						],
						"proj": "BP_Bend",
						"rotation": -0.5500000715255737,
						"mergeable": false,
						"transform": [
							0.9734386801719666,
							0.09152323007583618,
							1.097697377204895,
							399.51904296875,
							-0.9718340039253235,
							0.7609405517578125,
							0.7983776926994324,
							290.5783386230469,
							-0.518511950969696,
							-1.2543890476226807,
							0.5644044876098633,
							205.4212188720703
						],
						"mirrored": false,
						"pathable": false,
						"height": 535.0225219726562
					},
					{
						"op": "BO_Add",
						"no_features": false,
						"weight": [
							1,
							1,
							1,
							1
						],
						"position": [
							400.2657470703125,
							291.1214599609375,
							205.80517578125
						],
						"twinId": 33,
						"spec": "/pa/terrain/ice/brushes/ice_cliff_08.json",
						"weightScale": [
							1,
							1,
							1
						],
						"weightHard": false,
						"flooded": false,
						"scale": [
							1.4699995517730713,
							1.4699995517730713,
							1.4699995517730713
						],
						"proj": "BP_Bend",
						"rotation": -0.5500000715255737,
						"mergeable": false,
						"transform": [
							0.9734386801719666,
							0.09152323007583618,
							1.097697377204895,
							399.51904296875,
							-0.9718340039253235,
							0.7609405517578125,
							0.7983776926994324,
							290.5783386230469,
							0.518511950969696,
							1.2543890476226807,
							-0.5644044876098633,
							-205.4212188720703
						],
						"mirrored": true,
						"pathable": false,
						"height": 535.0225219726562
					},
					{
						"op": "BO_Add",
						"no_features": false,
						"weight": [
							1,
							1,
							1,
							1
						],
						"position": [
							528.460205078125,
							70.72574615478516,
							53.92722702026367
						],
						"twinId": 34,
						"spec": "/pa/terrain/ice/brushes/ice_cliff_09.json",
						"weightScale": [
							1,
							1,
							1
						],
						"weightHard": false,
						"flooded": false,
						"scale": [
							1.0099999904632568,
							1.0099999904632568,
							1.0099999904632568
						],
						"proj": "BP_Bend",
						"rotation": 0.49000024795532227,
						"mergeable": false,
						"transform": [
							0.04757368564605713,
							-0.16073273122310638,
							0.9959927797317505,
							527.4740600585938,
							0.36243271827697754,
							0.9332600831985474,
							0.13329733908176422,
							70.59376525878906,
							-0.9415302276611328,
							0.35112762451171875,
							0.10163706541061401,
							53.82661056518555
						],
						"mirrored": false,
						"pathable": false,
						"height": 534.8922119140625
					},
					{
						"op": "BO_Add",
						"no_features": false,
						"weight": [
							1,
							1,
							1,
							1
						],
						"position": [
							528.460205078125,
							70.72574615478516,
							53.92722702026367
						],
						"twinId": 34,
						"spec": "/pa/terrain/ice/brushes/ice_cliff_09.json",
						"weightScale": [
							1,
							1,
							1
						],
						"weightHard": false,
						"flooded": false,
						"scale": [
							1.0099999904632568,
							1.0099999904632568,
							1.0099999904632568
						],
						"proj": "BP_Bend",
						"rotation": 0.49000024795532227,
						"mergeable": false,
						"transform": [
							0.04757368564605713,
							-0.16073273122310638,
							0.9959927797317505,
							527.4740600585938,
							0.36243271827697754,
							0.9332600831985474,
							0.13329733908176422,
							70.59376525878906,
							0.9415302276611328,
							-0.35112762451171875,
							-0.10163706541061401,
							-53.82661056518555
						],
						"mirrored": true,
						"pathable": false,
						"height": 534.8922119140625
					},
					{
						"op": "BO_Add",
						"no_features": false,
						"weight": [
							1,
							1,
							1,
							1
						],
						"position": [
							530.6875,
							74.28341674804688,
							4.6632232666015625
						],
						"twinId": 0,
						"spec": "/pa/terrain/ice/brushes/ice_cliff_07.json",
						"weightScale": [
							1,
							1,
							1
						],
						"weightHard": false,
						"flooded": false,
						"scale": [
							1.429999589920044,
							1.429999589920044,
							1.429999589920044
						],
						"proj": "BP_Bend",
						"rotation": 5.499995231628418,
						"mergeable": false,
						"transform": [
							0.16542920470237732,
							-0.10991483926773071,
							1.4161394834518433,
							529.697265625,
							-1.1276216506958008,
							0.8567818999290466,
							0.19822527468204498,
							74.1447982788086,
							-0.8637139797210693,
							-1.1396238803863525,
							0.012443657964468002,
							4.6544647216796875
						],
						"mirrored": false,
						"pathable": false,
						"height": 534.8815307617188
					},
					{
						"op": "BO_Add",
						"no_features": false,
						"weight": [
							1,
							1,
							1,
							1
						],
						"position": [
							-546.7456665039062,
							22.721925735473633,
							-0.27536487579345703
						],
						"twinId": 0,
						"spec": "/pa/terrain/ice/brushes/ice_t1_medium_2_ramp.json",
						"weightScale": [
							1,
							1,
							1
						],
						"weightHard": false,
						"flooded": false,
						"scale": [
							1.119999885559082,
							1.119999885559082,
							1.5399994850158691
						],
						"proj": "BP_Bend",
						"rotation": 2.3099982738494873,
						"mergeable": false,
						"transform": [
							0.03343366086483002,
							-0.03233042359352112,
							-1.5386712551116943,
							-546.7456665039062,
							0.7949400544166565,
							-0.7875959277153015,
							0.06394485384225845,
							22.721925735473633,
							-0.7882590889930725,
							-0.7956426739692688,
							-0.0007752678357064724,
							-0.2754807770252228
						],
						"mirrored": false,
						"pathable": true,
						"height": 547.2176513671875
					},
					{
						"op": "BO_Add",
						"no_features": false,
						"weight": [
							1,
							1,
							1,
							1
						],
						"position": [
							-498.3470458984375,
							-58.87438201904297,
							-205.3018798828125
						],
						"twinId": 35,
						"spec": "/pa/terrain/ice/brushes/ice_t2_small_2_ramp.json",
						"weightScale": [
							1,
							1,
							1
						],
						"weightHard": false,
						"flooded": false,
						"scale": [
							1.0699999332427979,
							1.0699999332427979,
							1.0699999332427979
						],
						"proj": "BP_Bend",
						"rotation": 2.2699990272521973,
						"mergeable": false,
						"transform": [
							0.11615079641342163,
							0.40517306327819824,
							-0.9834854602813721,
							-498.34710693359375,
							0.914010226726532,
							-0.5440453290939331,
							-0.11618830263614655,
							-58.8743896484375,
							-0.5440534949302673,
							-0.8274958729743958,
							-0.4051622748374939,
							-205.30191040039062
						],
						"mirrored": false,
						"pathable": true,
						"height": 542.1852416992188
					},
					{
						"op": "BO_Add",
						"no_features": false,
						"weight": [
							1,
							1,
							1,
							1
						],
						"position": [
							-498.3470458984375,
							-58.87438201904297,
							-205.3018798828125
						],
						"twinId": 35,
						"spec": "/pa/terrain/ice/brushes/ice_t2_small_2_ramp.json",
						"weightScale": [
							1,
							1,
							1
						],
						"weightHard": false,
						"flooded": false,
						"scale": [
							1.0699999332427979,
							1.0699999332427979,
							1.0699999332427979
						],
						"proj": "BP_Bend",
						"rotation": 2.2699990272521973,
						"mergeable": false,
						"transform": [
							0.11615079641342163,
							0.40517306327819824,
							-0.9834854602813721,
							-498.34710693359375,
							0.914010226726532,
							-0.5440453290939331,
							-0.11618830263614655,
							-58.874385833740234,
							0.5440534949302673,
							0.8274958729743958,
							0.4051622748374939,
							205.30191040039062
						],
						"mirrored": true,
						"pathable": true,
						"height": 542.1852416992188
					},
					{
						"op": "BO_Add",
						"no_features": false,
						"weight": [
							1,
							1,
							1,
							1
						],
						"position": [
							-6.840362548828125,
							-535.8536376953125,
							-0.03760528564453125
						],
						"twinId": 0,
						"spec": "/pa/terrain/ice/brushes/ice_cliff_11.json",
						"weightScale": [
							1,
							1,
							1
						],
						"weightHard": false,
						"flooded": false,
						"scale": [
							1.3199996948242188,
							1.3199996948242188,
							1.4999995231628418
						],
						"proj": "BP_Bend",
						"rotation": -0.9399994015693665,
						"mergeable": false,
						"transform": [
							0.7920001149177551,
							1.0558651685714722,
							-0.019146466627717018,
							-6.802068710327148,
							-0.010036224499344826,
							-0.013533955439925194,
							-1.4998772144317627,
							-532.8538208007812,
							-1.0559518337249756,
							0.7920635938644409,
							-0.00010496374306967482,
							-0.03728993982076645
						],
						"mirrored": false,
						"pathable": false,
						"height": 532.8972778320312
					},
					{
						"op": "BO_Add",
						"no_features": false,
						"weight": [
							1,
							1,
							1,
							1
						],
						"position": [
							-475.8709716796875,
							130.01300048828125,
							209.67755126953125
						],
						"twinId": 36,
						"spec": "/pa/terrain/ice/brushes/ice_cliff_05.json",
						"weightScale": [
							1,
							1,
							1
						],
						"weightHard": false,
						"flooded": false,
						"scale": [
							1,
							1,
							2.099998950958252
						],
						"proj": "BP_Bend",
						"rotation": 0,
						"mergeable": false,
						"transform": [
							0.43346112966537476,
							0.1547844409942627,
							-1.8643368482589722,
							-475.8709411621094,
							0.1547844409942627,
							0.9577112197875977,
							0.5093566179275513,
							130.01300048828125,
							0.8877798914909363,
							-0.24255089461803436,
							0.8214614987373352,
							209.67759704589844
						],
						"mirrored": false,
						"pathable": false,
						"height": 536.0235595703125
					},
					{
						"op": "BO_Add",
						"no_features": false,
						"weight": [
							1,
							1,
							1,
							1
						],
						"position": [
							-475.8709716796875,
							130.01300048828125,
							209.67755126953125
						],
						"twinId": 36,
						"spec": "/pa/terrain/ice/brushes/ice_cliff_05.json",
						"weightScale": [
							1,
							1,
							1
						],
						"weightHard": false,
						"flooded": false,
						"scale": [
							1,
							1,
							2.099998950958252
						],
						"proj": "BP_Bend",
						"rotation": 0,
						"mergeable": false,
						"transform": [
							0.43346112966537476,
							0.1547844409942627,
							-1.8643368482589722,
							-475.8709411621094,
							0.1547844409942627,
							0.9577112197875977,
							0.5093566179275513,
							130.01300048828125,
							-0.8877798914909363,
							0.24255089461803436,
							-0.8214614987373352,
							-209.67759704589844
						],
						"mirrored": true,
						"pathable": false,
						"height": 536.0235595703125
					},
					{
						"op": "BO_Add",
						"no_features": false,
						"weight": [
							1,
							1,
							1,
							1
						],
						"position": [
							-404.74951171875,
							162.9381103515625,
							311.4652099609375
						],
						"twinId": 37,
						"spec": "/pa/terrain/ice/brushes/ice_cliff_07.json",
						"weightScale": [
							1,
							1,
							1
						],
						"weightHard": false,
						"flooded": false,
						"scale": [
							1,
							1,
							1
						],
						"proj": "BP_Bend",
						"rotation": 0,
						"mergeable": false,
						"transform": [
							0.6394376754760742,
							0.14514990150928497,
							-0.7550171613693237,
							-403.99444580078125,
							0.14514990150928497,
							0.9415676593780518,
							0.3039437532424927,
							162.63417053222656,
							0.7550171613693237,
							-0.3039437532424927,
							0.581005334854126,
							310.8842468261719
						],
						"mirrored": false,
						"pathable": false,
						"height": 535.079833984375
					},
					{
						"op": "BO_Add",
						"no_features": false,
						"weight": [
							1,
							1,
							1,
							1
						],
						"position": [
							-404.74951171875,
							162.9381103515625,
							311.4652099609375
						],
						"twinId": 37,
						"spec": "/pa/terrain/ice/brushes/ice_cliff_07.json",
						"weightScale": [
							1,
							1,
							1
						],
						"weightHard": false,
						"flooded": false,
						"scale": [
							1,
							1,
							1
						],
						"proj": "BP_Bend",
						"rotation": 0,
						"mergeable": false,
						"transform": [
							0.6394376754760742,
							0.14514990150928497,
							-0.7550171613693237,
							-403.99444580078125,
							0.14514990150928497,
							0.9415676593780518,
							0.3039437532424927,
							162.63417053222656,
							-0.7550171613693237,
							0.3039437532424927,
							-0.581005334854126,
							-310.8842468261719
						],
						"mirrored": true,
						"pathable": false,
						"height": 535.079833984375
					},
					{
						"op": "BO_Add",
						"no_features": false,
						"weight": [
							1,
							1,
							1,
							1
						],
						"position": [
							105.40350341796875,
							235.5692138671875,
							469.831787109375
						],
						"twinId": 43,
						"spec": "/pa/terrain/ice/brushes/ice_cliff_02.json",
						"weightScale": [
							1,
							1,
							1
						],
						"weightHard": false,
						"flooded": false,
						"scale": [
							1.0399999618530273,
							1.0399999618530273,
							1.0399999618530273
						],
						"proj": "BP_Bend",
						"rotation": 0,
						"mergeable": false,
						"transform": [
							1.0185712575912476,
							-0.047891706228256226,
							0.20449692010879517,
							105.0102310180664,
							-0.047891706228256226,
							0.9329654574394226,
							0.45703577995300293,
							234.6902618408203,
							-0.20449692010879517,
							-0.45703577995300293,
							0.9115367531776428,
							468.078857421875
						],
						"mirrored": false,
						"pathable": false,
						"height": 534.04541015625
					},
					{
						"op": "BO_Add",
						"no_features": false,
						"weight": [
							1,
							1,
							1,
							1
						],
						"position": [
							105.40350341796875,
							235.5692138671875,
							469.831787109375
						],
						"twinId": 43,
						"spec": "/pa/terrain/ice/brushes/ice_cliff_02.json",
						"weightScale": [
							1,
							1,
							1
						],
						"weightHard": false,
						"flooded": false,
						"scale": [
							1.0399999618530273,
							1.0399999618530273,
							1.0399999618530273
						],
						"proj": "BP_Bend",
						"rotation": 0,
						"mergeable": false,
						"transform": [
							1.0185712575912476,
							-0.047891706228256226,
							0.20449692010879517,
							105.0102310180664,
							-0.047891706228256226,
							0.9329654574394226,
							0.45703577995300293,
							234.6902618408203,
							0.20449692010879517,
							0.45703577995300293,
							-0.9115367531776428,
							-468.078857421875
						],
						"mirrored": true,
						"pathable": false,
						"height": 534.04541015625
					},
					{
						"op": "BO_Add",
						"no_features": false,
						"weight": [
							1,
							1,
							1,
							1
						],
						"position": [
							-102.57648468017578,
							-299.03607177734375,
							432.88714599609375
						],
						"twinId": 50,
						"spec": "/pa/terrain/ice/brushes/ice_cliff_08.json",
						"weightScale": [
							1,
							1,
							1
						],
						"weightHard": false,
						"flooded": false,
						"scale": [
							1.8799991607666016,
							1.8799991607666016,
							1.8799991607666016
						],
						"proj": "BP_Bend",
						"rotation": -1.5799988508224487,
						"mergeable": false,
						"transform": [
							0.09407632052898407,
							1.842856764793396,
							-0.3597581386566162,
							-102.57649993896484,
							-1.5552284717559814,
							-0.12534816563129425,
							-1.0487847328186035,
							-299.03607177734375,
							-1.052051067352295,
							0.3500916361808777,
							1.5182297229766846,
							432.88714599609375
						],
						"mirrored": false,
						"pathable": false,
						"height": 536.037109375
					},
					{
						"op": "BO_Add",
						"no_features": false,
						"weight": [
							1,
							1,
							1,
							1
						],
						"position": [
							-102.57648468017578,
							-299.03607177734375,
							432.88714599609375
						],
						"twinId": 50,
						"spec": "/pa/terrain/ice/brushes/ice_cliff_08.json",
						"weightScale": [
							1,
							1,
							1
						],
						"weightHard": false,
						"flooded": false,
						"scale": [
							1.8799991607666016,
							1.8799991607666016,
							1.8799991607666016
						],
						"proj": "BP_Bend",
						"rotation": -1.5799988508224487,
						"mergeable": false,
						"transform": [
							0.09407632052898407,
							1.842856764793396,
							-0.3597581386566162,
							-102.57649993896484,
							-1.5552284717559814,
							-0.12534816563129425,
							-1.0487847328186035,
							-299.03607177734375,
							1.052051067352295,
							-0.3500916361808777,
							-1.5182297229766846,
							-432.88714599609375
						],
						"mirrored": true,
						"pathable": false,
						"height": 536.037109375
					},
					{
						"op": "BO_Add",
						"no_features": false,
						"weight": [
							1,
							1,
							1,
							1
						],
						"position": [
							362.2519836425781,
							307.0295104980469,
							248.74740600585938
						],
						"twinId": 53,
						"spec": "/pa/terrain/ice/brushes/ice_cliff_09.json",
						"weightScale": [
							1,
							1,
							1
						],
						"weightHard": false,
						"flooded": false,
						"scale": [
							1,
							1,
							1
						],
						"proj": "BP_Bend",
						"rotation": 0,
						"mergeable": false,
						"transform": [
							0.6880865097045898,
							-0.26436471939086914,
							0.6757575273513794,
							361.57623291015625,
							-0.26436471939086914,
							0.7759355902671814,
							0.5727435946464539,
							306.4567565917969,
							-0.6757575273513794,
							-0.5727435946464539,
							0.46402209997177124,
							248.2833709716797
						],
						"mirrored": false,
						"pathable": false,
						"height": 535.0679931640625
					},
					{
						"op": "BO_Add",
						"no_features": false,
						"weight": [
							1,
							1,
							1,
							1
						],
						"position": [
							362.2519836425781,
							307.0295104980469,
							248.74740600585938
						],
						"twinId": 53,
						"spec": "/pa/terrain/ice/brushes/ice_cliff_09.json",
						"weightScale": [
							1,
							1,
							1
						],
						"weightHard": false,
						"flooded": false,
						"scale": [
							1,
							1,
							1
						],
						"proj": "BP_Bend",
						"rotation": 0,
